V: 41.874508 -87.644675 
V: 41.878380 -87.634628
V: 41.878606 -87.630522
V: 41.874712 -87.629908
T: 0.00
T: 0.16
T: 0.30