V: 41.894508 -87.634675
V: 41.898380 -87.634628
V: 41.898606 -87.630522
V: 41.894712 -87.629908
T: 0.00
T: 0.05
T: 0.5
